0 0 100
425.77929156507264 904.8270524660196 1 1
-248.68988716485444 -968.5831611286312 1 1
929.7764858882515 368.1245526846779 1 1
-728.9686274214117 -684.5471059286884 1 1
187.38131458572474 982.2872507286886 1 1
-982.2872507286886 -187.38131458572477 1 1
-951.0565162951536 -309.0169943749473 1 1
-992.1147013144778 125.33323356430454 1 1
-187.3813145857246 982.2872507286887 1 1
-951.0565162951535 309.0169943749475 1 1
968.583161128631 -248.68988716485535 1 1
998.0267284282716 62.79051952931337 1 1
1000.0 -2.4492935982947065e-13 1 1
770.5132427757893 637.4239897486897 1 1
982.2872507286887 -187.38131458572468 1 1
-809.0169943749478 -587.7852522924727 1 1
-187.38131458572462 -982.2872507286887 1 1
-770.5132427757893 -637.4239897486897 1 1
-481.75367410171526 -876.3066800438636 1 1
-998.0267284282716 62.790519529313585 1 1
-844.3279255020149 535.826794978997 1 1
998.0267284282716 -62.790519529313265 1 1
-684.5471059286887 -728.9686274214115 1 1
125.33323356430448 992.1147013144778 1 1
637.4239897486898 770.5132427757893 1 1
770.5132427757893 -637.4239897486897 1 1
-637.4239897486898 770.5132427757893 1 1
-425.7792915650722 -904.8270524660198 1 1
-929.7764858882515 -368.1245526846779 1 1
-684.5471059286888 728.9686274214115 1 1
637.4239897486893 -770.5132427757895 1 1
844.3279255020148 -535.8267949789971 1 1
-587.7852522924733 -809.0169943749473 1 1
876.3066800438631 -481.7536741017161 1 1
62.79051952931353 998.0267284282716 1 1
-904.8270524660194 425.77929156507287 1 1
809.0169943749473 -587.7852522924734 1 1
-876.3066800438635 -481.7536741017154 1 1
-770.5132427757892 637.4239897486899 1 1
535.8267949789965 844.3279255020151 1 1
728.9686274214115 684.5471059286887 1 1
809.0169943749474 587.7852522924732 1 1
-62.7905195293134 998.0267284282716 1 1
844.3279255020151 535.8267949789966 1 1
728.9686274214113 -684.5471059286889 1 1
-844.3279255020152 -535.8267949789964 1 1
481.75367410171515 876.3066800438637 1 1
684.547105928688 -728.9686274214121 1 1
125.33323356430424 -992.1147013144779 1 1
-587.785252292473 809.0169943749474 1 1
-309.01699437494756 -951.0565162951535 1 1
951.0565162951535 -309.0169943749476 1 1
-728.9686274214114 684.5471059286889 1 1
309.01699437494744 951.0565162951535 1 1
-998.0267284282716 -62.79051952931334 1 1
-368.1245526846778 929.7764858882515 1 1
-968.5831611286312 -248.68988716485458 1 1
62.79051952931283 -998.0267284282716 1 1
368.12455268467744 -929.7764858882516 1 1
587.7852522924729 -809.0169943749476 1 1
904.8270524660196 425.77929156507264 1 1
-125.33323356430459 -992.1147013144778 1 1
992.1147013144778 -125.33323356430465 1 1
-1000.0 1.2246467991473532e-13 1 1
992.1147013144779 125.33323356430427 1 1
-637.4239897486896 -770.5132427757893 1 1
-125.33323356430415 992.1147013144779 1 1
-248.68988716485484 968.5831611286311 1 1
-876.3066800438636 481.7536741017152 1 1
684.5471059286887 728.9686274214115 1 1
-368.1245526846778 -929.7764858882515 1 1
929.7764858882515 -368.12455268467784 1 1
425.77929156507184 -904.82705246602 1 1
-904.8270524660197 -425.7792915650723 1 1
-425.7792915650727 904.8270524660195 1 1
-309.0169943749471 951.0565162951536 1 1
-809.0169943749473 587.7852522924733 1 1
481.7536741017157 -876.3066800438634 1 1
951.0565162951535 309.0169943749474 1 1
248.68988716485475 968.5831611286311 1 1
982.2872507286887 187.3813145857246 1 1
968.5831611286311 248.68988716485478 1 1
187.38131458572425 -982.2872507286887 1 1
-535.8267949789969 844.327925502015 1 1
309.0169943749472 -951.0565162951536 1 1
-968.583161128631 248.68988716485524 1 1
904.8270524660194 -425.779291565073 1 1
248.68988716485492 -968.5831611286311 1 1
6.123233995736766e-14 1000.0 1 1
-62.79051952931321 -998.0267284282716 1 1
-535.8267949789963 -844.3279255020153 1 1
587.7852522924733 809.0169943749473 1 1
535.8267949789968 -844.327925502015 1 1
-1.8369701987210297e-13 -1000.0 1 1
-929.7764858882514 368.1245526846781 1 1
-982.2872507286887 187.38131458572457 1 1
368.12455268467806 929.7764858882514 1 1
1000.0 0.0 1 1
876.3066800438636 481.7536741017153 1 1
-992.1147013144779 -125.33323356430428 1 1
-481.75367410171543 876.3066800438635 1 1
100
425.77929156507264 904.8270524660196 1 0.7114572875925712
-248.68988716485444 -968.5831611286312 1 0.535331552914846
929.7764858882515 368.1245526846779 1 0.17412195697413535
-728.9686274214117 -684.5471059286884 1 0.39517828924539933
187.38131458572474 982.2872507286886 1 0.5109008854067472
-982.2872507286886 -187.38131458572477 1 0.6444624713528012
-951.0565162951536 -309.0169943749473 1 0.7718757491716528
-992.1147013144778 125.33323356430454 1 0.7562884760278854
-187.3813145857246 982.2872507286887 1 0.5230736306838878
-951.0565162951535 309.0169943749475 1 0.3668233550507761
968.583161128631 -248.68988716485535 1 0.8501267344636143
998.0267284282716 62.79051952931337 1 0.7931570665073917
1000.0 -2.4492935982947065e-13 1 0.5454364468701666
770.5132427757893 637.4239897486897 1 0.29903288324109056
982.2872507286887 -187.38131458572468 1 0.43038948465828974
-809.0169943749478 -587.7852522924727 1 0.8356784524444183
-187.38131458572462 -982.2872507286887 1 0.9498066105549953
-770.5132427757893 -637.4239897486897 1 0.279595984002709
-481.75367410171526 -876.3066800438636 1 0.8023867966087523
-998.0267284282716 62.790519529313585 1 0.19952216138095702
-844.3279255020149 535.826794978997 1 0.9567708455613545
998.0267284282716 -62.790519529313265 1 0.4027011587284789
-684.5471059286887 -728.9686274214115 1 0.19181057842076465
125.33323356430448 992.1147013144778 1 0.8100496437377488
637.4239897486898 770.5132427757893 1 0.3181697526311704
770.5132427757893 -637.4239897486897 1 0.901789714923296
-637.4239897486898 770.5132427757893 1 0.16985347745134483
-425.7792915650722 -904.8270524660198 1 0.3323001443209339
-929.7764858882515 -368.1245526846779 1 0.07133452973603494
-684.5471059286888 728.9686274214115 1 0.9192324781414816
637.4239897486893 -770.5132427757895 1 0.09848081169511791
844.3279255020148 -535.8267949789971 1 0.992832097063045
-587.7852522924733 -809.0169943749473 1 0.35932391406357356
876.3066800438631 -481.7536741017161 1 0.4147962556498409
62.79051952931353 998.0267284282716 1 0.9392965005956215
-904.8270524660194 425.77929156507287 1 0.6259186990765896
809.0169943749473 -587.7852522924734 1 0.0015328321474978868
-876.3066800438635 -481.7536741017154 1 0.9150113204667509
-770.5132427757892 637.4239897486899 1 0.5260221212161142
535.8267949789965 844.3279255020151 1 0.5094227409236195
728.9686274214115 684.5471059286887 1 0.7328547057833492
809.0169943749474 587.7852522924732 1 0.94550034699274
-62.7905195293134 998.0267284282716 1 0.9054230203673878
844.3279255020151 535.8267949789966 1 0.1408809066384865
728.9686274214113 -684.5471059286889 1 0.04415166284491623
-844.3279255020152 -535.8267949789964 1 0.9091466884782105
481.75367410171515 876.3066800438637 1 0.49439287211852456
684.547105928688 -728.9686274214121 1 0.42353401094041454
125.33323356430424 -992.1147013144779 1 0.18280163266897842
-587.785252292473 809.0169943749474 1 0.34398398416064047
-309.01699437494756 -951.0565162951535 1 0.767361612823048
951.0565162951535 -309.0169943749476 1 0.4510580605371043
-728.9686274214114 684.5471059286889 1 0.9237574759557692
309.01699437494744 951.0565162951535 1 0.9495278993755036
-998.0267284282716 -62.79051952931334 1 0.569051239076607
-368.1245526846778 929.7764858882515 1 0.30579255650051573
-968.5831611286312 -248.68988716485458 1 0.930214318300032
62.79051952931283 -998.0267284282716 1 0.44379751327024775
368.12455268467744 -929.7764858882516 1 0.7965931713054344
587.7852522924729 -809.0169943749476 1 0.937213971054308
904.8270524660196 425.77929156507264 1 0.08504388349154923
-125.33323356430459 -992.1147013144778 1 0.2670543310852159
992.1147013144778 -125.33323356430465 1 0.428032937229073
-1000.0 1.2246467991473532e-13 1 0.14771087093090862
992.1147013144779 125.33323356430427 1 0.35383347679081356
-637.4239897486896 -770.5132427757893 1 0.49038852975060876
-125.33323356430415 992.1147013144779 1 0.5805945106823803
-248.68988716485484 968.5831611286311 1 0.3726897671286341
-876.3066800438636 481.7536741017152 1 0.15879946560498925
684.5471059286887 728.9686274214115 1 0.5089396157171673
-368.1245526846778 -929.7764858882515 1 0.07449531779666552
929.7764858882515 -368.12455268467784 1 0.7761250343524105
425.77929156507184 -904.82705246602 1 0.003028249723463161
-904.8270524660197 -425.7792915650723 1 0.07764211982280422
-425.7792915650727 904.8270524660195 1 0.9962854683006909
-309.0169943749471 951.0565162951536 1 0.3332032219837707
-809.0169943749473 587.7852522924733 1 0.8048827720973692
481.7536741017157 -876.3066800438634 1 0.5754913244842632
951.0565162951535 309.0169943749474 1 0.6202155432050022
248.68988716485475 968.5831611286311 1 0.4923223052525024
982.2872507286887 187.3813145857246 1 0.3909686118144916
968.5831611286311 248.68988716485478 1 0.16795141820195336
187.38131458572425 -982.2872507286887 1 0.7387766488078714
-535.8267949789969 844.327925502015 1 0.5816675633272459
309.0169943749472 -951.0565162951536 1 0.16957906051395277
-968.583161128631 248.68988716485524 1 0.8221994018609367
904.8270524660194 -425.779291565073 1 0.8331765665441758
248.68988716485492 -968.5831611286311 1 0.9746885571632379
6.123233995736766e-14 1000.0 1 0.4638089290960764
-62.79051952931321 -998.0267284282716 1 0.3749813705029209
-535.8267949789963 -844.3279255020153 1 0.03789132854299493
587.7852522924733 809.0169943749473 1 0.3799410916334739
535.8267949789968 -844.327925502015 1 0.19414358554444622
-1.8369701987210297e-13 -1000.0 1 0.6956929457322255
-929.7764858882514 368.1245526846781 1 0.5960555183812579
-982.2872507286887 187.38131458572457 1 0.5445235244681003
368.12455268467806 929.7764858882514 1 0.22819161496631613
1000.0 0.0 1 0.8484364673860659
876.3066800438636 481.7536741017153 1 0.8551480415117396
-992.1147013144779 -125.33323356430428 1 0.938980186026502
-481.75367410171543 876.3066800438635 1 0.821179201324354
