:-) Generated data by Zappe and Mlady
507711.81133359467 756579.2893692162
100
247765.97125634714 563072.3336745558 86 1
105784.8491703416 472980.37095856847 85 11
734642.8287927682 335963.6136111747 22 20
225324.57074530498 735936.4320127964 97 15
683472.1030957103 380184.6167106455 76 20
573411.3134984404 922015.5148111167 64 17
731393.772346145 431304.7470505149 39 9
835485.0273704744 504676.53590976715 67 13
340265.8604389064 362355.4507131508 63 6
982580.8712853093 970239.447574649 22 12
338067.58112578327 197324.16478113923 88 8
936430.0290973432 94901.04635675767 26 15
309196.6430814804 770948.0485425504 21 1
902074.197862688 739308.5958197195 6 10
106269.0626289341 36509.66349201268 66 11
853777.0413217582 273287.99222606857 49 5
324637.3933101698 361871.98604835634 74 3
593827.2022971475 350139.2915889401 73 18
645727.1760104155 70345.1786659799 88 14
138700.33689179106 186988.78705855238 98 13
87742.29344109185 462504.2777282108 10 19
923960.147472157 377563.3171324665 66 1
395468.7080652012 380001.1196768096 52 1
506079.2029785705 90844.40680318372 53 11
719856.6931250164 371838.2846976891 95 9
420780.2098677094 989653.8051880974 57 1
969692.4649174326 823472.14424095 48 13
525134.0796854838 455484.5559809195 74 9
520775.7741942435 182340.81741547227 72 1
192983.84965963344 519860.11532731535 72 12
523259.58902063477 129693.52148476077 94 19
885640.6208982216 990093.3374127793 39 6
707724.771592023 224536.629774445 21 9
914449.7111808269 502316.5007740357 34 9
129567.31090033491 994580.9252600282 42 11
227850.00751173546 942725.2793505574 56 10
655659.8568744702 531628.5770133886 13 18
168926.1951438128 826666.1919207957 15 4
555175.0103205986 522103.0368878412 7 5
783033.5569702651 713908.3409706719 2 15
347965.9648773776 11500.908216956374 27 10
128582.1850622353 638469.0882502554 37 4
50903.160451097 565409.9459952322 70 9
424108.0341106062 335871.37649945944 38 20
278853.74372782046 397242.42534892284 7 10
814803.687551516 924737.5695182035 3 3
858227.1141163759 328704.77786739107 56 9
172087.8333216135 730085.082533774 39 4
924734.8921446144 524864.4770204996 50 12
57783.002008048425 381371.79962930933 78 2
52639.24016116273 989959.6811488088 3 16
744148.9272340834 859907.5035901245 44 14
121581.4489592112 58178.96166522507 94 4
733360.8867944989 160242.3340631448 71 17
112254.70487063316 97741.75600437462 46 4
362878.19071478787 942976.1182333693 56 9
248751.05677268395 445839.6979633521 8 9
911246.8113564113 438394.2712180527 68 16
210287.5029868233 82328.1700777676 74 3
773821.7370598706 779590.786290292 69 12
26987.192272911132 654339.8690802795 48 20
198155.67559864145 440323.9672621061 16 13
684125.0096268487 401954.1325790897 50 16
239733.75909434792 988682.5754235887 14 5
989279.4988644316 73297.49495669435 90 11
802564.483504192 576505.8371649383 54 8
431580.960905076 619451.2344920364 61 18
194967.50683328556 522065.8021694259 6 5
277996.1183243178 935649.7056871655 96 14
684705.1603541533 737323.1405432174 42 16
126508.21337712847 72697.69007340932 87 6
252238.28312119935 250521.8213166067 87 5
360176.47762696457 635415.6196988951 17 16
586075.3664237285 501283.7044487146 45 17
131304.13387832296 764216.3805360284 44 7
356528.03709948243 681864.5491343419 84 17
535099.4938905132 459477.036905949 85 5
757161.5410991643 79877.15029636833 1 16
812943.4640565051 650920.21727535 70 4
77189.68965511996 981489.723363044 84 11
734218.7785004925 477364.70247019245 47 7
820233.9323843257 228658.18346775157 50 4
642024.304068072 664418.8781503845 62 19
319348.6574274309 420010.7277314259 13 11
83282.91244360064 654327.4736958048 35 12
415986.49941281904 105115.41790790713 13 2
970915.224231048 535464.5635156919 47 15
119488.09451061793 170436.36168109268 42 15
9935.526759579538 668000.4980768255 70 1
88459.06004345715 148613.3325506448 20 8
747442.5063816733 833028.9017661307 64 6
667643.3970082551 18946.461874127075 54 2
337316.3226581778 417777.42337983835 25 11
262092.865335534 496170.0629737299 63 8
624658.4479410433 559166.9871812208 77 1
269920.47036801325 38673.68503414348 40 16
805161.0950128094 818531.3516265674 19 20
157935.21407688383 230061.88507351754 27 12
975082.8325335465 165238.4412948531 15 9
630091.6048869167 605000.7783725968 25 7
5
804624.6564061131 166617.37846152936 119 204.22611486494367
107830.20380670716 865752.5958033166 182 275.03442354679055
382825.396546415 801528.1129846711 113 135.72032124843258
674613.5065870491 578577.8090946376 160 183.01144429859423
535038.9126497057 697756.7855107455 157 212.78152630840927
