:-) Generated data by Zappe and Mlady
542549.4447248385 589420.029982668
50
2551.5754477842825 650986.9287399016 80 16
174345.5665041751 730992.5631056308 16 15
972857.9776418414 189242.72368200778 14 17
768296.4714506201 224564.39467100354 56 11
639446.6719595229 258849.92384887696 99 16
226938.95226620574 976517.4777886929 35 4
964052.9054832541 956922.8785115309 75 18
411242.16744521545 539257.3754535291 39 6
382384.466585045 910243.7227622645 100 5
702434.376324209 955263.3626556053 45 4
745940.3251199597 583431.3263783723 65 9
199461.94749100166 455570.35548369493 6 10
763939.3847974299 724130.508901088 32 10
368222.8029019312 731977.381660835 4 2
677509.1774366111 624543.325396769 93 7
864694.27198791 730365.1129480242 25 14
181124.87118428023 649166.7075765044 100 7
938250.9545876579 245273.10153059423 1 9
168610.14691025432 63290.48554785055 91 8
424287.3899700689 104618.17014341446 22 4
887850.7048552855 424749.88206928043 37 7
701443.2054640137 614421.6557265898 1 6
626644.5603606595 298591.97255164705 19 6
509881.87216902844 804815.3981653177 44 16
380607.7408355971 493558.7049922232 9 1
391671.03493651137 170455.63462004732 34 15
753435.9183176293 370337.17017575615 62 4
957706.0367180415 242704.25830707053 37 11
962628.1928450267 550980.5561471948 41 9
740035.4575277728 851325.8801970677 31 10
544426.2964918164 880239.1813759739 75 3
132987.83302525507 135663.02085766313 44 11
616495.4957336418 113110.0684586428 81 14
737141.8091538964 726827.4080245434 33 5
233941.47223996164 185944.077138678 55 18
219776.15766993974 442798.27189520485 17 8
3654.9524961965176 275040.89600944216 48 4
813710.5890859136 888737.98229648 36 10
165620.29255765586 157793.3161437366 81 9
560003.1234944266 528483.1983561105 12 6
441502.54604682414 714962.3064373705 97 6
922281.5666320878 755088.704641152 56 10
146205.26759417696 93302.29336046302 7 16
71908.29241574791 825400.9914293911 82 12
84705.89541182815 977111.1887159823 44 4
870933.2381254965 994712.8920986322 90 9
263743.0790983091 283830.7050736322 60 3
817984.659836204 973258.9019780337 49 6
257138.07657020038 137918.7315431758 59 9
221852.8785255458 779196.2774794814 60 19
2
417844.9064144315 221085.67622751874 157 209.23013252799677
265022.14558021777 139852.3923628472 196 180.7235868219019
