:-) Generated data by Zappe and Mlady
771928.3971563132 626809.7245521266
1000
984530.1793976875 726024.149695479 41 13
687944.0999030836 207650.59706243282 49 17
655399.487405868 974777.4832227578 98 2
946257.4524422621 152186.085215663 36 14
351505.0432035677 949054.7089967771 90 8
121705.2408603928 470397.41320390516 94 13
370796.12403380714 192187.00600878923 89 4
482726.47110319434 320494.93260012893 10 13
276801.2057018875 832968.6129190328 76 2
6842.280476761275 597048.8127739568 28 15
347057.5230371191 355267.6377152828 78 16
848642.2335772716 179317.97958954689 88 15
466225.6067617011 297221.64020107855 79 16
979063.3083059705 767361.513841113 43 1
894040.6583924922 734301.921667754 18 8
746129.3554056105 5150.152374460926 15 19
328307.6100767388 897328.519976799 23 3
715997.2190811042 713861.5677529253 71 20
648970.59013199 197817.65648482475 91 17
806448.051325141 86013.07121573975 80 8
257795.19644731862 404818.2653885891 39 18
314475.32235810347 740221.9410965438 23 4
778180.7462677781 912496.7327016409 9 8
653826.4859492783 397227.71872237715 30 16
231736.12079089766 425886.4140900689 34 11
192609.75053616535 322275.0801504299 22 2
515043.0450799008 990030.0711198008 34 19
547602.1779752638 470829.37473495724 33 18
835911.157910595 908689.9206537582 58 10
629796.72158222 779544.9766299444 50 3
679688.0613550495 603227.108564458 70 12
20976.981159829043 239967.07920150974 1 10
230988.5892373249 7393.284714309112 55 7
316562.8736216393 178034.60504131828 82 1
14590.274784410107 383727.1323155818 20 7
615353.9550000918 609355.1833169237 1 12
803120.1707086752 982989.3300574404 83 11
638711.1005997362 141606.7278650216 68 4
702321.6479961612 297449.0554599775 96 14
83638.96861893682 816321.8220197225 46 15
322800.72899335896 626582.027687124 25 6
866512.1130437604 609646.9385328407 56 13
307752.06242184085 671455.1173185667 24 11
304053.37954542245 304225.77999763435 54 13
358664.8736059814 90232.34210483299 60 20
959726.1665167589 782799.9520393213 87 20
606702.5587704289 617193.0074802457 52 3
607918.6363600352 830989.1392390326 58 20
459496.11426310544 3632.690225100044 47 3
333029.3805130088 546421.3238634296 13 4
326533.3388332133 760120.1829298247 6 16
280537.6357223165 880220.5091540146 9 13
228074.95263154843 341789.6123046613 64 10
653957.4148349445 552988.6336992431 52 12
731375.4112474882 944503.2729617521 43 14
643711.4479400297 130879.36152810564 35 3
864594.2439889519 689557.8129897161 72 6
566768.6611226428 880067.459607651 76 11
235691.14539406766 434723.89468058705 96 12
371594.38583502057 773659.3003188191 88 7
55221.76081316343 323283.29840108095 19 7
150668.1285686623 759529.1740810632 81 20
824575.4904435789 80712.2425834712 23 2
528504.479845057 838244.0997352668 86 16
222991.25812688947 897977.3623595255 9 18
929622.346681691 296569.3585321325 61 9
997686.5038215943 955167.9821274716 84 15
247970.19336972147 415317.20382209204 7 15
143555.00579157032 490356.9445253818 99 7
353534.3378202214 363676.652212777 44 2
235920.01234692862 104017.68167150083 1 7
996708.4411822768 720681.875005962 97 7
757432.3135381256 303751.2000503443 80 7
866837.2201952577 965053.9434830192 74 9
615920.0113130788 279096.5775395894 43 17
985393.3473639191 356075.69518590445 73 16
683240.2836618703 490288.0008385734 57 6
970603.8278250508 321095.24714562995 57 15
167242.82325430473 843332.0587490944 11 1
499988.38636980846 872239.869574156 29 7
452994.04952947306 288938.4267584574 62 4
68058.62257312944 720372.8680794456 49 12
880469.908629143 453744.7056144574 26 5
733079.6760480864 834529.7324417852 15 7
850916.270916861 14911.072955549831 11 18
360917.66135523707 828191.40781002 23 13
931790.4126769309 636372.4786659731 58 10
94061.52431460968 29830.732105670555 64 4
941296.1281432621 366552.0908609633 81 9
635271.3512741211 626116.6050557632 63 4
690551.2234489484 969761.9594976985 76 7
970189.6433533418 235768.85391098156 38 5
418790.37519118947 40321.25086436656 59 1
440762.968217181 485988.4054192233 51 16
420999.013746735 289960.28410441964 16 11
497431.2763514395 99182.97286539801 32 16
806160.539999581 762577.9953512391 34 14
925606.693685079 54779.35708224024 42 12
277915.0569858133 119980.063688228 85 6
80706.21769705699 140551.5613872894 29 4
759791.3065037702 558825.6786865523 82 20
442525.9520195195 643261.2199940743 46 20
228070.57202357939 410498.7224326904 74 15
177525.81506934782 714543.8453334912 57 1
322437.4596259122 386726.4442209332 51 17
986983.6010495964 671793.5423343289 50 18
905406.2958154426 656092.9089266207 79 13
227201.78428838245 914091.4327247797 100 10
385497.77947927854 158612.6777390846 13 16
569113.6508802345 430650.4629872814 66 13
127567.1107652786 522597.54053756804 91 1
569710.5417726396 906353.3613011761 17 8
889716.1846147822 672385.8030275019 21 14
754553.2343820048 960152.7449163418 43 15
864898.9584662518 286218.0353198384 80 5
753962.8825604557 33673.81388939039 97 18
403561.6517839792 56606.6662003415 34 11
836913.4246008373 247473.99700785978 92 17
860241.638639506 643813.5826094286 54 9
784642.5037347561 201108.41802767143 70 14
672640.3225240989 16246.111361667205 69 17
425915.43207407853 172341.7557497665 36 16
848827.7790989508 806308.2456575602 68 20
599941.7477764359 604321.839950515 93 13
531344.5378933417 439978.10588426754 82 7
650258.6677236469 712955.0812842384 50 12
422324.95657603984 233475.56060764828 74 19
409435.9929251868 727635.3790150587 69 10
209545.43948583005 798062.2850554845 22 2
683075.8910457635 846292.5418779921 61 4
19534.47041506895 908381.8855890408 3 7
452003.13294231973 761730.4786093638 39 18
552486.5536039966 221776.68217216595 4 17
900369.5794390207 343585.7262182619 10 14
308486.41288090375 683562.1096326251 25 13
258107.88616139535 153990.22854362032 84 8
1138.5505045338195 211024.88507507756 69 19
679112.9315223313 272084.7176436142 49 2
350647.9610255797 958540.9420023169 92 4
618935.3528207821 911687.4574989389 99 13
353125.82062554744 566157.1338708707 28 18
631738.0038486173 468344.16762503097 12 10
407687.9409591085 769601.961033918 44 20
176771.66289207057 529204.9768006128 24 14
340937.58345500915 383207.73016840924 98 4
957522.3169143049 546109.5419546072 39 6
64716.93766059938 287745.3547136533 18 3
856694.3167516411 5199.657093688636 39 4
924487.8262490472 788665.8421891603 3 5
568924.5978568406 143484.9726474492 43 20
501149.92795645166 729564.741983746 67 19
259048.42959568964 354098.8471491254 55 6
899189.906187933 520560.87410452653 1 14
722209.1553447486 99415.91823798246 4 4
241313.51806474078 788312.432038731 22 4
625349.0226866099 298544.0167281993 4 11
968562.9023492099 487057.21562155866 65 5
46737.541362224634 78620.69539099859 44 8
561647.600466569 888711.1821912889 26 17
77164.2371779877 455373.30234960606 87 9
821988.816162553 51917.71048459004 1 2
126095.48096013923 836957.4287478011 14 10
919827.0927642501 859110.1900365619 30 7
508197.6293212248 297461.1555833785 21 6
993591.0602781908 8108.82184699091 37 11
136761.292890068 835813.8103344528 96 20
303356.60227356496 998371.6164666401 93 6
784202.1172098725 487209.404027797 20 4
357306.19539621286 6485.031434928734 61 5
496312.38510721986 274458.8425732573 18 5
271166.5431523232 992413.2154249875 90 17
773522.645786839 834711.3000318697 82 5
36072.51296323533 605903.5807251219 98 17
13204.106149174777 813397.6105940473 85 8
681466.8749595113 706621.5712604361 26 13
192977.53479350943 134586.4206406331 28 10
269660.6846351953 104284.79571185134 19 15
663945.2433579864 309621.0321561546 41 1
662590.1646513692 545389.8794093282 94 4
309454.0503117634 480210.2796169008 97 7
396022.99410615984 897048.0812565553 80 3
851033.2651394285 776244.8661520443 52 4
290783.1810710103 828822.7352921438 22 3
187006.28739514513 342540.36449836014 29 15
555139.7658011738 290016.12705464894 27 3
816301.005322758 514383.117643099 26 11
689881.7333666156 489189.73339104 21 19
412408.929468511 732965.1905068847 67 15
22192.34735799358 468295.7463716533 38 17
799366.5968308646 944203.055787079 55 15
862531.2987177299 335998.8847039935 67 10
69033.27176091267 145581.24643455495 89 14
218494.59252769686 690806.6037903253 11 15
539666.1751898675 84960.39390212263 85 13
501091.30738234776 178599.6381264614 54 5
159576.78469235238 694027.9431853908 59 20
433965.24949758773 742043.3943240914 37 18
823089.1668869015 900414.692145747 8 13
308588.3986604585 229014.53386231896 66 9
702591.2600128932 921487.7361328866 48 2
124026.29311712555 228321.5914944893 89 17
970524.2636674087 836376.8967819645 60 13
986060.0281296186 435237.5392588946 10 18
345918.7177085265 169685.70462293798 29 15
316662.8459613241 455170.21112655575 91 17
455663.6205948507 831241.9038701023 88 5
12356.655113328174 716525.9791008349 81 6
552058.0399864557 143697.9794493952 48 4
181982.63788650703 365699.88249981956 91 3
223201.5106289289 878211.4242140421 45 19
655947.1478982755 487252.61215745716 6 16
216149.79801551136 404106.9061756474 79 11
176964.08079634196 356687.66045295284 4 6
756103.3948513297 859513.3993397574 68 3
315498.53426253004 364672.70769329474 1 10
976680.7554323415 956515.4470036462 47 6
382183.6685729397 719785.0869605338 29 16
511909.50267631165 858275.5632615377 86 18
286978.2732506565 558500.5325237565 89 17
472172.81661111244 890661.5368845591 38 12
695165.238614097 979669.2485869912 83 1
13077.092002344414 482813.38572518906 33 14
399752.7595721052 136478.65308554063 89 13
384036.62815896375 147348.40891534052 87 12
436594.87629310676 519121.0169125292 5 17
635153.581779287 910942.7100789846 82 15
652633.6986103134 150162.4690399529 63 18
286432.69185587397 961134.4753770371 17 16
660996.7562881508 592928.8124025379 93 1
989112.9657141834 378530.39654758247 19 13
13049.435132038823 488931.2910261312 56 12
98398.07072394258 340201.90250915894 44 6
42567.27823617101 138179.9790464049 45 17
740475.6617542326 696846.6413373598 45 16
918495.2460884127 307776.75568493834 34 4
301659.8732216034 102050.75140742492 8 19
629715.8443247476 687916.106394577 99 1
747872.3386661133 87385.20656105042 69 9
739143.4825814324 945707.960768013 57 20
49471.57291601878 484640.8102161649 40 15
28462.42079116812 188292.80622889998 62 15
537500.2965876381 170668.48251703547 40 16
523970.58267871453 416651.9815532304 64 19
847471.7182468663 197331.19966572733 37 9
685193.789385562 606298.2747897858 95 18
357460.5520637306 337156.59926584375 41 13
759984.6418939846 813517.8455646733 34 7
636978.8400229488 964442.9517474441 85 15
893381.5028258945 895749.1933126699 17 15
377252.8036314121 963730.8774927566 12 9
625113.9002703595 318630.0758236961 90 1
854300.59822918 146497.65766180534 62 10
946716.5747487209 163696.3945374912 31 18
12744.289115696694 18323.592173683177 53 4
310043.16920681216 960028.4527408588 60 15
376548.87322252605 900160.8599223711 77 4
502717.25031545735 747537.308830966 1 4
865717.9354981163 518117.9142403529 2 20
422761.2665076935 793168.2076690925 61 6
195117.19388569816 557645.9989505055 11 1
706217.6827369048 375045.29523040797 80 9
369643.9544291027 73342.78827628105 19 14
271809.8470582927 821345.1691223289 95 16
182389.95438006977 469810.95796266536 96 16
951247.3262555499 635191.2406665606 51 14
929608.2091571098 359039.78245270654 96 6
950199.9119259665 695708.4289308273 48 2
435418.250602178 464406.1162523051 51 17
332661.75315153354 637045.7448983757 55 6
134369.95891677105 811279.9431259235 32 2
611689.1049398314 57013.022677371184 7 2
392210.0244238516 321908.978997982 84 16
855487.9443115214 977215.120631612 72 4
502310.2593998181 142160.72534526468 17 18
144589.76884271868 296303.54407379753 47 20
221947.00863286143 266107.4661098638 47 13
330297.86488429224 973177.8112215262 25 6
200571.58472115555 409514.1105053754 33 3
605503.6941638823 520508.98028538725 40 11
889854.5889451538 405070.2189343282 3 17
587026.4626877261 550552.6574111657 1 2
247978.39223033548 362609.17948223115 72 7
276356.38587265834 611468.1277951316 12 7
790615.3618042255 340368.86495196697 61 2
187501.1668990696 196743.70479513102 90 15
877367.1977917652 614233.418843075 56 10
52830.40785712001 463193.8007265688 80 8
931130.3198194647 788393.7242013717 55 2
208551.84273505645 11570.840850599894 49 3
991743.7277013175 862388.8511682425 92 13
60773.570798746456 772223.3610662064 89 8
324096.5039776165 27331.423876733374 14 15
902921.7524154341 97409.47278610912 25 1
1224.4602690297813 901440.9829119144 30 10
929384.5673747745 139692.04847945427 32 16
528283.7174635025 296848.5808468392 36 15
124301.48801082408 337026.5097868078 44 3
774007.7128705995 522909.2134547272 38 20
25954.908019035884 721304.4942230541 23 14
139556.63253598384 934753.2747726707 11 12
325659.3013210417 6713.8123605408055 93 12
974659.6604888189 610189.9657146682 77 5
176673.0565176704 232669.220365159 90 2
498603.27819605585 35881.71196787471 4 19
706643.3855617985 665484.7177667797 93 9
696789.1320059772 779354.6267911727 99 3
961472.659764172 782499.6451374377 39 15
936994.5948095989 763184.7888249353 70 19
696182.3026877156 348012.917736751 87 18
24724.253966991848 809766.2280391413 18 1
578133.8409148175 764974.4192617179 35 18
532613.734105209 129465.32759581342 46 17
410512.29611256334 269657.2833795713 16 1
980092.850821204 843610.4109083049 70 1
521822.7577208464 895088.7038308025 95 5
588658.2031681677 100443.29020266829 41 8
24710.881607492352 26330.129432207472 12 5
224248.0982566345 912537.6029378403 32 20
920981.2249618735 417117.608883717 37 11
887331.5772997394 245803.41167250098 81 17
137418.63925851838 640130.6905133212 16 15
896269.3697165725 772464.9443035354 27 18
308954.9679508179 556351.0739151253 18 5
200005.9929355129 884605.6008963151 44 12
193781.5132321521 763579.2325035727 58 18
68807.64640071735 294188.3592751078 11 9
892975.372274193 418050.02541168703 93 14
560050.2645839049 734915.2784759036 44 12
860748.8874009143 910951.8817254968 57 1
500333.892193716 767806.1859709057 49 14
8086.436551893228 765110.9551676471 3 4
422683.05199668574 484737.60576531687 10 8
921712.7450900736 734629.792368544 95 18
652387.8442653513 433057.7500354967 92 17
413334.8577570436 427216.7129112097 93 13
48123.93445379559 452315.6054848797 93 3
774076.2560842782 107540.5363433235 97 15
324213.4991302591 345531.8224057532 68 12
401018.00442428293 509289.17329498735 32 10
249979.88251820102 598579.3153261087 89 14
973690.486235415 109683.7847907547 79 20
734706.9725024333 330301.2020857395 78 18
347011.1274289929 75849.49755588699 7 3
50218.42733523896 593009.2209100218 36 11
474200.33311026276 947397.0395842509 14 1
452891.4256565921 259891.41217458912 66 19
331171.4315335021 590429.77690589 84 13
775242.7671890595 416404.1310530776 4 16
257191.76823662472 358431.8862646259 45 15
243172.47062170078 222593.11013931516 86 5
801543.4478365305 85469.74757373582 35 10
714498.4037085325 110019.74740663067 4 14
940634.5309458256 174074.35433380157 29 3
650416.9940675006 319979.3063973165 13 11
944566.7327687172 828170.8622335157 91 9
643704.7419642847 750271.4389229269 59 14
688465.4993063789 421458.2417971906 82 12
2437.1105808586035 849089.7990665531 45 16
455713.16904186655 131569.1519747726 72 19
289219.16477547516 541670.521757763 45 10
323259.95264570887 654882.9348154289 60 7
453750.01324640616 485097.425237436 34 11
780958.190470799 937627.6295596933 20 5
178205.4763552847 77890.67718155208 22 15
966789.2134374973 104362.69472196703 36 17
734523.8479464407 784371.5502440466 18 12
619216.173594612 870437.5297032226 10 10
281191.99266571604 321836.8249881921 81 1
799864.6973681535 722797.2886705014 29 14
402408.3992006282 875706.2887677577 27 4
539347.686935442 622657.1542337841 23 14
409269.3793156017 700316.3095376828 71 11
643220.4178033217 300068.7963530018 71 14
622488.5019672307 599082.3976473489 16 7
972571.8511815452 797106.3418563717 100 7
477591.90541053185 897387.9693570895 91 18
15286.860427694894 493032.901999947 63 10
821887.819734841 586683.1513392666 1 16
592094.406253348 677972.8538868335 82 15
490010.06040300644 462691.8572129759 24 9
120561.26461562744 894786.9749949338 82 14
980588.4212495534 859986.3435115652 39 6
186488.11956568222 852376.8366571136 83 10
436576.308404928 227038.22453620404 10 1
863880.6190424213 134762.39465599516 82 12
828822.006102426 439606.03270143404 33 15
571839.3327259948 143078.21669005038 50 19
226330.35250779366 737262.1304801691 54 5
471255.4114688703 463100.7723352662 5 10
823926.6514547081 231158.91533064935 42 3
869900.2131106628 946901.0602379505 12 2
302183.48974023655 485824.95805799233 77 18
627023.5916643175 328439.5830826472 75 14
475852.5868159604 60782.45774871815 66 8
605463.5281637649 800987.7499065422 46 1
702886.5548194558 617872.3272090422 50 11
209935.77401209963 107645.74280153305 47 12
380539.60524566233 188032.64696479437 17 7
545902.9755685108 820285.2217170459 84 10
48979.627392622075 49433.17350615428 10 4
727384.5565762701 389200.04232183023 99 1
204177.06410479863 921741.4969758685 92 4
19298.78666830853 564704.5273208367 34 14
235285.4541210786 525172.41634548 14 1
407341.833811664 48849.2591856754 10 4
838897.609342249 106015.45778078992 28 20
604794.7137029052 903183.5934700259 59 10
511923.21839676524 82584.87368709123 53 18
611670.1721297734 786807.313870443 20 20
21743.81055272867 228907.92696736127 29 9
589809.492743722 544422.8237863381 28 12
128982.99915047528 671746.2412531811 96 8
782325.3766093922 820200.0378073532 33 10
873786.5747811438 735400.2518244132 17 14
433451.74492899276 100351.83158109707 87 13
806915.2180105246 305712.12678093486 25 5
523569.3596238191 42613.134938412455 3 9
75062.8777670147 799177.2892680934 19 19
663964.5570098992 838424.4182631249 2 20
975353.5958993346 86383.38086369945 41 2
658663.3908946037 174516.2896201774 44 9
743539.9193707033 324285.1803363063 34 2
170252.17982961726 662628.709490462 9 8
997504.3726945538 764132.642690276 42 12
178614.2966728117 234000.63462729205 49 10
532601.1295333598 308110.65951008064 20 5
723517.7561737351 340637.64218210423 33 20
465398.25038888806 146712.94279404046 74 12
923396.6965208241 56681.12426807548 87 12
1589.2790095877185 901222.5096307951 15 5
784767.8417609993 565814.6208303788 68 9
113215.75924118854 673946.491716082 19 1
602676.6746134134 586779.0290417142 73 17
947730.5881656449 547467.6145696476 91 3
217415.82091812094 107827.79176083379 55 8
951560.9067729806 819417.9000722051 85 9
373413.5026721399 248313.98683590422 43 20
115302.72707731504 479315.47059387545 2 12
431442.9612652867 64415.92642323468 30 3
874971.7978097491 668872.7057237058 20 13
645817.8176208709 885999.1110305148 3 10
519198.9907927201 578796.530004816 40 5
736552.5015068577 79387.49681928691 36 8
238121.24455995453 57248.81035377793 76 12
86995.9359188447 539846.9107637164 52 19
535079.6271615359 193481.57571221003 90 19
276478.4506454626 338223.77710545727 17 3
733074.205687985 22244.729204601743 80 15
933211.726866664 685657.3736658471 34 20
917090.781189429 919800.5688875142 28 18
855087.7088962686 192696.10430512574 11 15
330633.05183623324 52055.492017045624 24 17
707049.0580422757 535474.1953054406 65 17
6670.145426182384 632601.1465900056 47 12
247140.43367293716 399696.04776638135 75 4
73215.80935952032 668383.1102193649 79 19
264859.4611235098 547758.517642521 86 19
592247.6903563341 150198.51663205164 83 9
212550.20702080164 187016.57221921298 53 17
124876.52023939822 293055.6077784562 62 7
772730.6155341703 446444.5368705391 77 9
169689.0172718567 878269.9178452272 87 19
402712.0071466588 680111.4091466676 32 10
695990.7785545735 97564.58489222186 36 20
725813.9991059498 791204.3083657516 98 10
737117.6455453887 573798.7260769354 29 11
660942.931691653 638898.656479443 24 1
265793.7946304849 629558.7078641605 96 6
486200.28794180194 478164.110870698 16 12
735291.7659559664 11874.229374020939 3 16
876306.6187014314 962463.971619712 51 11
925372.3116225221 448805.9081896882 3 5
18633.79378687957 480978.0635229793 90 16
316000.40842737985 823505.4391801825 97 1
551069.3596216453 22057.355800201294 81 7
656875.8177394877 787364.7802369936 60 6
551207.65299028 666579.3577386291 77 8
785982.1110072054 101708.00815092829 69 6
586762.1344418199 579067.4604454181 84 20
951626.2092437128 374681.53249945614 39 6
779784.4396497287 638093.0274805862 32 15
832659.2557930934 545975.8464427497 90 17
482299.7720473905 834695.032047084 46 9
350469.8548878621 38055.6289466405 39 9
970236.883144636 269308.46892993787 77 13
990519.7252267811 931849.6566729902 90 17
169834.19686616675 41837.72179822198 70 15
264129.2540603787 502393.71771022544 84 16
891706.4768521352 900774.0250598795 42 12
753266.7384055785 552646.8151441126 41 5
89996.46976132036 87236.2381994095 47 5
799476.0743381401 970398.2696633762 90 20
936927.6672145625 66989.99129901218 2 18
776896.6981313794 984518.2801833237 29 13
827907.6262821392 523221.91556171025 5 18
279561.2728283221 565313.630416158 1 16
52268.77561256582 117340.37536168807 10 3
752654.107066946 73849.98278073528 96 1
694816.0762194601 693443.8427435118 47 16
700902.0095809052 563078.7603206692 16 14
210490.46852197184 180317.6723197545 68 8
756351.633662269 437627.40703517525 1 12
47444.66734400232 855743.7827875909 64 6
520939.2398756756 529212.7088506653 90 3
113325.69615907928 601259.5848538091 8 4
201832.2999560408 2734.035032762261 36 9
888108.3357148153 557885.3112659906 75 4
911743.7186934969 7985.395156718367 49 18
608835.4567720519 258229.80807992036 94 9
941390.0752916611 189255.38846286782 38 10
383388.76685781486 968133.157546842 20 7
952962.6039442087 287402.4264901136 46 12
950097.1173743942 28839.882347039158 66 2
564753.9536405582 265712.737989797 63 8
377629.6848432793 402717.72661932814 49 14
167662.3702231409 983260.0004551822 18 19
507133.2176974045 142722.41768556193 93 14
550780.0298885369 170750.93759445482 40 7
759742.7664411284 926008.7012888638 38 1
329138.3834640047 749001.6787780928 77 10
873089.9541595549 210030.89900718996 90 5
622284.696898393 706157.7749290983 37 1
667790.564667675 626760.5648912407 90 11
584925.0036736538 325335.9995048426 75 3
478526.79368277994 365754.49855375895 22 20
444491.4399372493 460192.70339985384 21 6
985539.9503142281 995082.722340456 12 12
656154.6684445924 394550.27608812344 74 2
844279.8170661023 212800.9062061098 45 9
691352.8246733383 118054.80091487097 30 12
398655.14668761025 739824.6371868197 59 6
176078.03758622377 299182.06703485386 15 15
463712.8241638669 83714.39565749218 48 9
481548.0401949843 957921.6597842376 86 19
435427.1968879421 394856.72338431864 31 11
130971.55832109608 623187.4171981553 65 10
9271.948309101052 571559.444972535 12 12
257245.72305863624 316341.69845674967 93 12
417912.29845973186 165266.2368065747 22 19
859822.7724823141 915970.0480958981 1 7
106111.52527216739 304915.9787850964 42 16
343760.72405287274 635864.9298489752 61 5
94078.4434570635 660776.2191739322 33 1
156098.04727861908 465613.8126592525 29 2
307159.5289173878 560094.1994300458 94 2
687022.313996847 380647.7529699628 93 10
910036.4545254722 453735.20730323537 9 17
695560.8879644893 997386.0137979611 2 7
139343.55319089597 515593.3107008622 44 19
618311.0568525107 622369.8925851233 56 4
413657.6009057011 782814.041019223 63 6
288523.71503006923 487056.3695847178 86 2
169798.8860141635 759490.6127068251 36 11
942009.7043250278 459152.33639450057 87 12
156857.19613913496 201085.38240455763 33 20
323079.44201352843 935803.121424471 71 11
963732.7828887773 59862.62692909239 42 15
182153.47282681448 634267.2292746668 19 3
683549.5077132097 538450.4393318682 36 17
227773.95063747885 954453.7868670854 87 5
572219.6130279062 401503.4627829444 63 15
457353.210996138 769282.0784860955 37 10
753756.2725086396 213416.62737505374 8 11
837843.6325479468 349535.0097724801 11 5
798553.7992053224 879120.2578941158 90 15
181205.1132919349 517881.89842553757 61 5
861577.6652862517 688018.9697966494 23 6
198557.51519796482 592082.4864392994 57 3
945888.9306610532 217848.50187910153 60 12
606588.29728295 681965.1811915652 60 11
355710.7850853821 712216.7912428597 71 10
582366.1959849416 82388.50899734363 25 6
46742.617864394706 466345.56000772765 53 10
147292.1631341182 910710.3463383237 94 11
65927.6493794395 950386.854437322 15 9
333475.01452218863 499840.9241136984 8 3
716548.6813960385 775883.4737100853 42 19
419203.2267169328 26161.460740554365 6 20
277401.31976959825 622572.598298982 47 19
584122.2467612628 246734.4777679613 73 20
758789.6643576459 140777.10645694842 14 1
45821.0546223764 285483.24760450225 89 12
176994.6639586303 926938.5572742446 34 13
911257.3036932972 58411.44484480565 88 8
478343.8904853626 531147.0219888219 10 2
469161.27504219295 387.2124504795682 76 11
521603.84542523255 237418.07886778298 82 8
620478.3654978038 259315.3607465193 40 16
332533.6400333413 998431.3607457603 53 2
297143.6712623335 888332.0602823654 99 11
248374.27383035448 391831.2881939816 72 1
556002.3126778195 895518.3294465721 76 10
65961.5171732788 77224.15630376711 40 10
102351.06106778135 327953.3115133625 31 8
60083.93260270206 800789.4708983975 54 6
141104.44919376675 69008.39095750943 90 9
835574.8637478995 143932.32961287416 59 17
64585.181492430645 332778.44418131484 89 4
676215.0282606087 616491.3311903141 56 1
752879.2031177918 237500.8325316229 36 13
36498.262040549176 323407.25814207783 99 1
420933.84414902836 542635.5181014834 2 14
441212.2524245902 803055.0359137463 52 14
528337.2875963897 25763.097115188095 54 18
587027.1729010832 59120.94899261078 88 10
352103.03144083143 861265.0430675298 26 14
326151.43821178784 646319.7690358408 71 12
285768.60624590504 220419.8810548973 88 5
322776.0914727561 580621.1218179706 41 8
692556.7142596663 541495.6310285376 41 9
48520.00639020493 31088.89223019684 22 4
425964.61010009144 89931.82440741309 53 15
885326.890255778 213913.0796205557 43 4
704546.2406342687 535946.7313757496 29 4
67036.45900524368 697576.433488379 14 6
452307.531677983 984917.0469647158 21 7
69824.35259420284 786081.0056281242 6 6
102399.99339418026 791572.2124340708 90 13
584412.9862837178 666357.3164351127 56 2
116898.15753908583 331212.14487186 1 16
18817.53058136304 274874.7094888816 26 14
553483.3883161432 870460.6697779817 18 11
410691.93358766387 92410.8542570239 74 7
161807.88328909912 629045.0668406939 62 13
916246.9683045367 347152.3146533996 9 18
16028.064834789135 827159.8928063223 79 1
603263.1310086552 973886.4595731527 22 8
180204.78399764284 916419.7690050071 18 7
945829.4613267713 516983.33661054506 92 16
501568.3672098915 664394.2180398136 64 2
206895.94704308023 400008.87936988374 74 2
271517.37309331814 343287.9334256702 75 14
232193.8614316087 334880.6595607381 78 15
171012.15018817183 924395.5243258362 77 20
168096.30188519854 375080.1748977197 39 10
907964.224958436 35310.84219047187 63 8
280972.528260563 294043.928131575 93 14
88412.25513202933 52169.35498894259 43 4
592825.6145839292 701823.8817293782 95 10
766691.1509351777 301989.94368977426 91 16
75654.91137319013 7661.0692867048465 43 6
465293.6472293159 89870.48241761353 58 10
955094.9122650693 947356.65776926 90 3
212422.09732889704 463672.23013650783 97 4
474361.19556024193 673228.5708116903 75 15
830930.567555403 28062.25914583127 31 4
646174.3207181968 148861.0531337672 42 15
639943.6189157343 135412.0487087712 3 12
878795.5698893166 895515.2435175667 46 10
260257.19665811275 749987.3313401005 87 19
380134.3192649671 643572.6914143637 52 15
3907.326459562377 712898.669458662 33 9
320490.24854104203 589208.3802758188 27 10
581134.0403613782 959077.0053149072 30 3
441161.9541778117 228983.7825071821 41 20
575348.4130851598 56634.42060822821 92 13
126052.68528703995 925445.2279666023 80 18
366481.69592530513 777780.1313470445 65 6
571571.6507262414 774204.2512814259 18 9
269982.275121689 965275.5142572752 38 14
183480.42224189366 123346.38917598428 20 8
494332.30273904896 847391.9785321484 26 3
456656.9402384839 412210.64196856826 38 13
792755.984071808 967524.0065387343 31 3
535709.2816797494 318332.7485408207 99 18
130138.55489328374 743916.7150092216 35 18
263505.7591349286 545252.1350469545 23 8
336294.58329360996 244185.69405550184 20 16
575412.1158175115 763420.3020410964 21 15
150718.7012289015 354097.7147983175 23 5
535628.8906876335 91971.95513007039 41 6
657796.9603454187 117985.72416339925 63 5
506667.1927401286 237852.59484836718 88 13
288005.43384007725 528601.815351296 61 19
933727.2214789932 694841.6168774415 39 13
39599.50781316734 518459.8300143697 73 14
974466.4590967626 749343.6655907587 34 19
623305.3293952139 845945.1648744539 35 16
845150.5613118969 990294.553211654 80 14
913040.465014053 142716.1207769253 65 19
842136.065660913 421868.8048510534 5 19
509064.66171448585 681099.9768878442 1 9
760576.9203147126 521484.50242823927 80 2
793421.2864579549 690088.2067469439 70 3
19592.166927739017 860354.4689505002 87 12
535176.8146972697 976822.7552927604 85 18
536167.8701056319 444883.44749333686 22 20
635775.9051285563 549678.202691543 13 8
11957.80610586683 276782.7489184471 15 15
790654.7018105744 163596.64792606243 65 18
222932.17717310897 846972.6055361036 76 4
776822.5315775456 664513.1070638578 14 3
468416.9782831176 249139.70019280273 42 8
399031.82018611615 565681.3844205283 57 9
52256.658621326336 246069.2993633059 82 11
277886.9946122103 984516.2495585231 31 7
465284.763798307 165301.39570138257 11 9
127143.69140611959 366116.66089067585 59 3
417538.9810289484 706871.4179676134 51 13
726750.1852900152 952720.7210623396 81 13
555122.6000339678 178364.65757449094 5 12
781980.8051463678 782625.8096866203 9 6
286585.1508290098 941590.3643292265 8 13
393286.9395713012 845129.2830076537 95 8
755330.9753987534 868094.865531905 80 8
119093.66840238756 529218.2978728912 66 15
417909.1861056621 811582.4343865857 61 17
64426.95941055376 504350.980428802 45 10
635001.6468917868 765075.8622698266 53 12
88568.81604526778 904891.3179389968 34 3
36300.66524570164 777177.5453818628 75 11
908383.2714327861 70621.9968228149 90 19
487914.6525603242 449811.9635494441 35 16
440884.3401464826 961182.1407083286 2 14
249001.4378055476 70943.28388230753 45 4
336256.9038831811 721044.1940909969 48 11
252415.5644821493 88446.21450767854 43 1
4992.36599857289 154424.44051661063 14 17
453559.40804212337 690911.597156765 79 6
41041.353522330515 178851.82548661827 91 15
355511.0902524229 9922.075553914112 13 12
334764.95531957963 686413.4019746764 84 2
301904.52967525227 725334.0184629909 34 2
199713.87042116938 849243.2458717386 50 2
18872.079203812285 266331.2175603677 16 17
897478.6898277316 378786.32933267095 22 14
442417.9401406152 29320.870413981127 100 16
223514.9943748358 876791.0253674694 23 16
768534.4887151411 48852.84149184965 87 9
549303.1862263446 411776.1390018805 92 8
262741.9278441526 876258.6129987274 69 20
434681.67158937943 201670.3122365807 10 16
937941.1394849239 356104.99344894843 56 14
707796.3509615372 587097.7865206025 68 11
200805.52599109302 903188.7202379354 35 10
634813.3349517601 817922.4528326046 43 1
845567.5586611199 429891.7586082785 88 8
390199.85804033774 947578.5017710272 62 7
880016.2030985373 459370.36229447625 68 20
710714.6349788875 906696.3168950666 53 3
63727.92934307802 185244.7136468457 74 13
138866.12055607638 602744.3627740238 98 5
356795.47275124525 351038.8706198858 43 11
197972.21208935344 330887.6974936186 32 13
774257.6787587749 167320.73428966943 24 14
801437.9480529662 469927.6477627314 57 11
144612.23368907615 952909.6709838142 60 13
90687.28565188711 134822.4305252299 89 13
629621.7176951868 467132.53372506105 77 12
173440.54629260785 344560.5988884568 41 12
398394.6899095513 728268.1195954223 81 19
147699.44102359266 193606.4858360338 41 12
804598.1695398238 521252.3888311662 10 11
644734.9969545826 261172.93073880498 44 10
706677.822176935 364523.4211128836 2 18
501301.98316710914 1492.093151281071 54 10
34039.42979771857 807543.3348459002 58 15
218821.18338125857 498212.0119006069 50 6
346070.1666731857 989894.4168290949 66 20
523861.9734467777 777085.9910876891 91 10
386313.77313998627 129636.59916222536 90 13
595267.3328435578 815156.2274860134 4 1
603600.4627561499 289434.25664307433 36 18
650923.2538143279 595452.3086506166 55 5
319882.48819643585 457287.428103661 14 1
420582.1361981692 589493.4458475094 18 20
867230.7105402986 784889.5562576063 76 2
196284.4260956379 133138.85281878547 31 11
212068.6869489601 157906.40413883372 42 8
321635.0935297293 443988.22557253705 95 19
623299.1482267793 82928.93248897248 52 2
125207.39849903584 831883.024196211 82 2
34425.93622605028 916476.6661802656 55 19
938268.7266217835 721262.8728291194 77 4
281883.3372827345 530065.2234888115 53 10
276327.19709623145 850228.6240847559 78 4
178216.21822679922 696731.6953811977 96 5
868036.76820302 773069.2604744595 26 11
877049.6624838043 440133.9555614024 59 17
640996.4074784968 79513.36646226869 26 12
606358.2200755762 745882.9171485992 90 7
226040.0194523009 485729.1228356111 62 10
158682.49929648326 881480.6794430638 89 14
20713.19567890906 751661.3825495708 79 11
524808.6685331187 888349.5087912759 42 9
406621.90875750314 761073.5474746427 15 6
406062.6425770666 926047.8367954491 79 5
688944.6506315541 760943.3909370076 91 8
626690.8734277983 190857.60566186183 54 9
611223.9241224382 813812.2033398688 87 18
450591.2817756086 271341.64694859576 82 14
583071.871875202 760342.3798628377 31 19
666586.2393547717 511939.94422607624 80 6
777990.7541934467 131615.6574616325 39 6
896032.4762276068 248798.36789780142 89 19
45347.39681514321 375390.1981268336 41 11
670256.2944241187 473280.89638208225 67 16
713753.6552375846 773295.4396250752 91 12
369373.04423959006 428358.0931816052 11 5
218669.1620279747 504316.2794637948 99 6
476663.63483364746 8516.014371027115 20 6
487809.7238614215 353317.6126443749 55 10
823876.4008120756 319093.6382962768 6 19
883639.5937369817 643076.9761382331 74 3
544512.9111172654 857009.530359907 34 13
499454.2189994319 577487.6274613038 49 10
448132.39100066206 49530.79503770452 31 15
797792.4316074699 487309.8198326492 29 18
34633.20513430102 175796.56204805238 92 16
77511.21749719958 554995.8610923217 97 16
610882.204976709 388835.8244240563 72 11
466033.8501386794 720484.1437966073 8 14
102376.02202067342 842291.956274039 19 2
10147.968821483166 316114.22793534194 73 16
491124.32808069803 41334.44738062497 6 20
733258.6958884636 898495.8631442966 38 4
100803.38830944746 13530.6736625318 77 9
37046.77466907358 12686.543369607727 23 5
606483.2804943509 811866.1911500074 89 11
645766.3720937055 685680.7440064417 63 19
5793.391850183793 94619.40216398823 97 11
63547.41290278587 170156.38464352023 55 6
360050.1250857753 998266.7467694203 95 19
677515.3862456715 385697.10755132727 39 13
828291.0036303907 449742.7503755157 93 7
677662.1582461982 95227.85568746195 7 13
976880.0439242034 219810.21082775586 90 10
660419.4599383295 742955.3583695843 66 15
76784.14983719273 963481.8350383147 79 4
465904.6970479013 122356.45777564886 29 19
796058.7469985465 836731.8588105717 42 11
594801.9202708808 366248.6540193518 19 4
474686.53422003106 928366.523144346 9 19
632663.0941346145 805118.3475266284 93 13
822726.2000163051 155991.64955681376 65 9
946789.5933114553 845964.9982398289 11 17
122659.9440490258 696497.3869367995 77 12
530385.9976535196 425108.6243318366 100 11
726672.6500680371 752227.1131403716 83 3
63841.23171024081 699738.1157234869 51 12
125010.75078984036 88736.97205237663 46 16
904140.6267703298 301369.7271859612 51 11
100098.63545242081 460384.0567418509 78 3
957769.4798534636 688620.9079544502 5 20
372146.7128311545 704384.0681688557 18 14
944139.7936643186 337453.7828926754 70 1
756856.6353936414 917801.684361278 7 13
916529.7344920267 796841.6041122637 76 14
687681.5237458114 17409.143876100596 87 1
623624.5618457983 41073.31868277475 94 7
168969.88425192094 948568.7981160578 68 11
211713.10249056728 262929.71306914615 44 12
909126.4216878026 482242.59217577305 63 11
277027.8261131801 892896.9769084424 33 5
793448.4724265478 591755.9315742602 53 2
568094.6160729838 488474.94274947455 64 4
675209.8385664411 802772.0907028982 85 10
944633.9036051048 426398.244272212 13 9
43401.7075651707 177667.98635829974 17 16
54752.43142743602 433009.2293166441 76 13
740716.9404510432 42618.857067626246 38 13
674987.2148594602 709766.3290586427 97 19
2170.1275463998913 552550.3559965069 30 3
644187.1057369233 229478.48029312125 84 19
531343.4817381422 372927.16941687465 8 14
735093.1679661311 93740.87089198279 69 4
667678.6472266251 342221.4420194327 56 15
866534.6048065936 224497.01493813802 7 9
386409.1035811292 965815.1094481188 51 20
530992.9360212024 105832.43825501876 49 16
546438.3024858413 28892.60343735489 7 18
760380.665227742 461054.3545330821 29 1
516377.1215785021 847299.1111305146 36 20
987582.9051103051 231743.70655844835 78 19
792600.2373511796 592976.2102508326 41 6
689848.0876951569 778570.900151427 31 13
124979.68724170617 422918.2387206425 17 3
176588.86894466676 28906.524034198355 58 15
807193.0954090107 542971.5679793591 62 12
559542.546184858 206174.82471581994 31 14
412347.8249274891 882448.899213947 65 6
115393.66297549524 564902.5921164032 99 10
276150.63648842275 321557.2370592855 29 2
514606.93373238255 169800.06069266185 77 15
285898.99581535824 777014.2647417268 77 7
886956.6683611287 565136.4710787834 37 4
32963.36275676315 334807.2397041994 9 4
362547.72881846287 222180.79974923155 72 5
559834.4136620581 742556.9171536104 36 4
552351.8519525235 889481.2758887848 22 12
882764.5657840207 203988.4830899319 20 9
696661.6069445247 537045.459413635 82 16
221951.84365720177 618057.4744657412 52 14
742490.8717399967 36719.393889173116 88 1
619387.6766210727 285684.7940167985 80 17
37803.91726057919 284788.8144375098 80 15
988079.7094648364 75045.35273805124 91 9
324386.2579331206 298451.53862583084 7 6
905408.069793717 46032.57947251238 17 11
241905.27199363633 226628.1409151365 16 2
849790.6471037205 336863.1437871541 57 20
139849.07280510894 950749.3304525447 40 13
467409.7314328729 508642.24341018207 45 11
945056.2111485526 427725.51428389404 40 11
650154.1676598912 621808.431561351 93 6
510804.20790217794 482178.2617737138 68 14
184693.02265208075 723318.221776221 97 8
936144.1072243629 896984.7023872103 21 2
895139.2858746838 593692.6355003361 23 13
995446.0704121571 310919.07981205644 23 19
119366.6700426953 23979.813948329596 82 18
58940.43435077223 212208.51940937113 5 15
24879.866589871403 346519.3843855274 77 15
763245.7403413515 741567.6735174006 70 20
349244.0080001984 759223.9355996359 26 7
551200.7499410367 784027.9413490937 94 19
229366.88846960073 286899.3849001191 10 11
934360.4735768102 53794.695525146155 31 19
622189.175527786 187760.10653922337 97 13
627753.7031383463 350491.8564072711 21 16
597233.4502050737 708482.8331111195 62 8
300284.88149441814 600397.8154404805 100 11
351536.532627341 333486.83614632813 57 16
607719.2569157686 576432.1003172242 60 9
934149.7015076487 877104.675701809 26 8
7622.738906713611 621381.4934517997 52 20
316932.4023020843 791267.7938712131 82 15
972910.968843364 257695.50668465413 17 17
978946.81897537 63501.2242258145 14 16
45646.70013640415 153549.8144339945 63 7
623425.0904720965 764505.2909840993 19 2
425140.38408603874 600061.074172543 1 14
980940.2050631094 172372.14248695388 77 9
730853.3223926071 931700.4509401115 5 14
3855.899958749798 999397.3989948423 36 19
284556.4525836013 356136.98443895136 31 10
681024.2785542591 422224.29995413334 77 11
828008.6383998613 537858.8462348176 43 20
425579.8208711612 758304.2946029651 67 9
439316.32095112617 260758.44146193805 91 2
661962.0884306713 929849.3435600233 4 3
487219.61633793806 259093.34175994835 71 8
182271.8492907819 545938.3162051874 71 19
518798.52082978474 206384.50027133792 32 18
799895.0977681681 46450.13912048457 93 5
810355.2308845631 162303.51678665943 68 1
215050.83649482238 967131.8902751297 37 20
18232.990721880782 944718.0206811795 35 13
159449.91309650015 879345.4670821731 22 9
587680.4353385988 785975.8787328125 83 1
314379.9203816101 853725.1806225977 54 12
752036.9417470121 789249.720442846 46 5
128919.92458994783 613846.6908933772 96 16
566854.7468568989 584252.1827257839 77 14
105178.49547075109 650656.0960325765 67 2
256309.32740466073 825653.8500270953 2 3
889852.0848000189 24313.790038726023 34 10
531487.0573682887 837757.2754639409 47 18
312307.87104552425 997622.9929960505 86 10
597851.0487347038 512939.4617078602 74 9
456969.95951562293 931562.4004783295 3 12
475226.54739027505 168485.45127457636 53 9
742068.8644984905 482730.24558243185 46 16
477741.6632256807 277988.1054018248 14 10
509715.9987152041 325707.707037391 28 7
259909.1591980386 62644.98503467331 80 14
697576.3817743348 678315.4265019728 68 14
541917.8181519089 769584.6968094537 70 3
65797.75968643498 429194.73816855415 52 18
342567.9381219596 915712.9859642856 85 15
171852.62510451538 796696.3276355922 5 20
429362.5407190457 845275.922212123 33 7
719973.9721857535 124179.04535139479 64 18
446154.6596559777 68053.51134886584 73 12
132206.8654905253 624864.9397517818 2 6
300428.42490524036 115365.78588811064 47 7
687918.1484921457 911585.5064924379 20 11
432609.1977189703 97303.95532761727 75 14
522946.61768618657 812194.3611286444 12 14
393482.2393469093 963085.7773075844 32 5
255348.95570280837 906087.3416435166 41 3
114452.17503433026 275336.0137384805 93 7
270691.3219579924 94013.9050919584 89 14
557472.0370171076 398452.6739667448 67 7
436718.20085518475 301911.3270849656 24 13
312365.5999813447 582949.4074447002 96 20
577536.4915613104 636447.039637282 70 10
701182.1447105155 885554.1656327603 76 11
695598.5248008738 268789.027753202 62 17
131264.8542805618 4557.384455289526 32 12
132042.50576405617 384194.8623198449 67 17
686855.7630288065 408978.79840020515 35 7
470515.0248007718 355538.6067051983 47 5
186155.23633526466 997975.7212185855 97 2
556499.2309885339 82988.19655130384 15 20
376528.2874734658 514833.32479458896 83 5
985315.9870984256 190675.02961938965 91 5
361604.24612559826 51027.43769743767 90 1
441143.60438370716 532219.263361174 25 3
313829.2376846527 875267.2899899859 93 2
5
402279.9146318228 575111.0934543146 194 168.40580358237648
249427.5561167869 887561.5252850142 171 284.80174867446044
892174.2620123568 82650.80917533429 151 226.2729896348901
840636.0280444175 358594.64903791307 114 147.19172361797607
638615.866603128 610613.123506322 133 274.5160989917038
